532
564
566
314
369
381
587
937
592
786
827
27
939
49
494
540
675
960
212
739
845
185
81
730
694
12
789
509
279
895
135
46
396
452
921
67
95
79
134
277
690
947
80
390
945
488
55
454
693
730
892
241
228
401
443
592
830
305
263
195
163
774
207
288
976
365
566
907
425
129
872
210
400
921
609
436
307
235
184
709
60
39
640
112
794
586
255
906
732
574
878
271
86
314
569
451
756
347
18
639
555
127
830
733
927
369
465
538
271
678
357
344
573
467
357
597
657
777
415
667
773
406
440
221
915
489
378
378
219
242
81
521
73
444
739
778
291
808
549
941
552
918
58
529
683
794
14
59
815
793
913
848
885
495
912
673
504
335
925
523
442
758
782
671
351
764
827
148
519
920
881
727
857
902
515
661
315
528
833
693
918
639
208
621
246
108
361
679
216
591
654
303
180
738
246
492
289
52
602
368
344
710
80
638
808
331
677
216
400
16
232
497
388
262
241
109
319
368
544
883
639
37
242
813
661
44
773
388
67
607
949
970
153
542
160
389
320
280
331
453
311
856
88
3
556
58
407
325
762
112
248
202
504
390
227
559
467
822
839
691
490
425
327
61
503
499
931
656
37
242
114
553
772
770
580
437
665
495
862
633
587
609
983
279
89
285
135
385
223
278
432
982
744
239
100
206
69
339
318
28
635
811
956
175
258
604
234
484
553
371
498
44
423
853
71
454
173
23
778
785
280
518
67
919
346
452
745
529
216
577
692
691
766
570
183
396
637
432
548
821
311
239
728
987
658
785
629
323
832
327
526
257
304
859
85
876
148
221
0
129
523
184
467
907
633
552
935
68
243
971
287
11
799
889
163
778
527
265
525
642
494
625
121
133
395
969
330
616
699
21
496
131
355
406
5
863
154
491
294
498
477
217
783
418
197
876
399
44
195
377
403
527
11
954
150
914
534
44
110
831
497
9
426
171
795
69
327
18
636
127
394
964
561
790
880
238
885
693
177
150
481
957
282
999
867
829
10
772
540
840
540
781
603
220
188
740
328
610
357
779
323
639
686
891
219
398
613
139
122
335
867
443
173
576
448
988
938
815
999
47
426
849
114
734
958
322
176
507
886
297
611
595
827
263
614
6
686
949
995
965
522
463
523
337
45
160
743
764
684
115
435
134
444
91
410
863
180
392
5
899
287
926
852
271
889
268
271
479
719
950
590
865
40
776
661
209
634
815
99
578
61
509
954
14
341
993
625
179
251
297
548
18
938
661
709
420
191
705
100
819
89
503
266
778
336
742
11
314
19
483
402
842
697
18
422
243
553
73
594
149
613
513
43
585
545
530
666
637
466
338
641
357
97
410
130
532
894
374
435
926
474
854
6
713
844
669
861
864
901
925
691
131
160
85
957
511
817
697
903
237
230
404
211
50
498
813
716
171
454
411
376
370
363
221
596
313
651
67
506
730
93
667
102
536
934
425
446
782
477
462
751
138
271
563
324
470
337
826
642
779
20
665
15
530
611
725
568
256
800
287
586
684
564
109
448
577
773
15
51
451
297
500
520
408
729
665
819
532
898
590
345
184
13
309
371
529
5
696
934
912
880
165
239
748
367
960
317
688
608
382
567
417
707
129
524
425
561
253
841
105
503
549
932
567
811
971
48
363
718
995
698
575
655
266
207
331
969
704
896
827
114
831
862
654
580
751
728
842
185
864
763
185
495
563
697
890
979
589
930
534
786
441
863
368
178
593
606
104
990
505
231
36
673
760
868
875
722
556
519
264
758
840
558
487
460
420
106
295
993
562
926
444
212
240
618
808
155
871
358
365
92
383
348
521
208
676
574
895
953
706
111
22
501
712
982
296
714
236
508
905
889
515
199
394
144
555
983
353
751
679
645
295
613
470
292
61
562
136
671
940
404
62
834
376
664
13
685
336
318
623
963
300
120
502
617
691
99
77
449
905
347
862
486
249
957
593
914
229
237
751
19
783
720
340
637
514
244
858
137
770
228
432
970
757
384
287
168
300
537
876
30
698
25
622
46
280
81
182
460
467
772
462
527
595
409
40
492
752
758
300
357
931
631
45
255
798
262
400
761
17
853
218
296
610
23
358
719
464
20
495
484
564
731
176
270
77
802
574
114
167
816
510
221
767
772
640
332
165
175
776
879
590
651
805
828
876
719
879
647
581
579
938
287
989
94
322
788
89
167
401
653
257
176
676
638
961
958
15
670
148
437
368
974
790
673
327
949
388
367
559
361
178
57
345
201
209
249
470
789
906
429
887
983
100
528
83
771
182
762
972
448
585
109
6
827
893
944
197
985
575
473
626
450
876
27
537
389
988
224
283
158
557
743
235
269
123
358
494
600
705
291
780
560
679
772
654
769
281
295
843
394
279
275
731
117
590
21
14
745
666
743
2
722
206
274
16
186
74
653
538
233
112
174
979
208
667
556
827
44
220
87
173
373
170
160
262
350
277
42
860
351
599
762
681
733
616
122
75
60
77
384
42
91
301
94
421
45
127
699
721
32
66
727
367
94
835
883
40
929
373
454
495
692
400
421
124
812
592
322
209
605
657
973
850
657
396
96
550
203
673
699
620
90
225
921
428
705
774
274
644
267
809
751
227
131
984
292
742
138
810
479
740
50
960
95
759
935
210
551
266
326
987
58
353
477
3
473
362
673
23
304
127
567
486
822
596
730
362
579
611
811
201
468
521
343
712
305
228
290
131
376
492
89
355
451
44
493
932
132
220
483
362
128
171
761
856
337
446
387
652
318
183
923
674
589
716
959
140
417
622
285
555
431
458
609
372
705
376
942
690
261
661
323
523
88
119
637
610
452
916
731
361
937
272
631
329
272
713
984
800
282
704
444
517
350
551
266
258
810
561
621
71
681
498
701
279
307
493
280
353
34
756
110
6
408
983
346
417
38
228
676
432
496
127
587
166
916
662
840
946
201
412
317
31
924
640
13
809
381
561
757
265
984
424
848
413
56
450
224
39
974
128
704
488
991
877
511
601
315
276
526
470
9
412
3
968
305
73
318
21
202
767
656
877
489
701
12
428
363
988
534
399
393
803
768
509
250
609
115
739
184
750
505
548
184
541
369
819
764
306
365
967
854
68
686
826
546
903
463
581
790
922
558
980
126
896
759
521
231
332
59
8
134
462
206
639
753
972
317
63
522
327
246
859
476
844
826
956
174
787
397
646
477
263
735
339
295
698
722
938
385
644
515
308
817
329
598
954
832
589
139
822
559
244
45
661
146
137
672
582
674
707
354
562
477
519
674
872
544
94
421
363
92
613
320
98
182
187
656
660
721
842
245
277
502
389
781
266
835
50
796
925
690
635
425
301
592
471
69
734
398
809
396
712
308
250
53
622
209
719
486
142
928
137
297
488
692
229
811
20
923
752
707
701
609
377
224
940
676
851
834
498
244
429
587
189
917
351
815
630
77
427
574
813
801
438
578
458
652
82
875
601
15
193
304
177
291
472
401
185
827
453
840
719
695
863
725
871
779
753
688
804
39
786
106
54
679
164
716
320
443
350
137
828
81
833
752
630
797
524
337
2
826
452
408
666
331
571
535
904
115
475
662
989
202
279
942
332
656
199
948
165
12
327
449
473
614
178
493
783
667
752
563
338
102
489
520
775
579
749
645
150
7
170
604
252
19
848
952
42
912
60
597
591
540
39
326
237
626
427
517
186
608
673
525
765
762
626
195
674
515
360
419
308
356
512
327
374
853
39
594
302
137
6
115
535
614
563
669
138
81
829
747
272
104
764
553
55
809
178
941
766
41
994
333
78
302
900
946
7
437
42
153
220
168
554
266
596
271
127
250
782
231
110
107
720
64
619
52
20
185
126
427
792
958
214
846
992
41
975
865
906
55
955
217
766
777
915
463
464
754
920
961
91
553
738
10
724
572
491
730
808
340
49
640
3
856
567
947
502
466
632
576
244
374
703
638
425
728
557
837
656
972
407
165
623
417
172
35
441
383
96
94
536
472
872
680
908
835
611
192
629
491
784
380
937
710
834
499
498
865
749
521
423
417
459
995
293
68
208
978
426
174
742
405
839
400
966
335
279
258
828
640
864
617
509
104
164
124
904
621
588
128
742
69
730
500
47
807
330
335
187
684
405
180
249
76
169
215
343
642
840
242
271
713
986
177
474
856
386
356
861
312
875
882
660
927
525
241
343
821
936
644
520
596
739
702
429
340
546
3
40
44
754
758
96
293
489
53
916
592
959
593
252
360
979
705
492
554
244
949
30
329
701
184
563
798
363
831
302
620
350
847
940
553
497
587
115
273
504
90
910
437
766
839
787
273
480
794
194
131
978
956
82
494
547
552
513
478
631
212
927
207
793
207
384
438
995
532
244
881
748
197
61
578
172
891
365
110
751
993
489
516
987
713
509
441
672
710
757
473
172
561
678
528
616
471
791
150
970
726
23
40
375
504
852
27
101
785
573
156
850
563
373
475
101
817
580
270
415
920
676
882
717
217
125
556
645
42
141
133
211
717
384
36
223
689
639
253
492
148
840
999
903
394
779
412
66
503
660
249
316
200
585
821
223
624
905
87
270
846
583
871
569
772
618
391
647
754
195
507
830
561
755
283
313
908
238
481
71
88
919
470
36
892
792
303
622
619
311
52
790
366
656
113
409
375
227
406
578
161
947
897
694
339
152
923
164
99
2
144
863
455
858
736
513
806
262
434
974
165
265
873
497
102
13
38
87
755
446
20
182
585
772
747
90
511
556
108
36
453
164
756
815
433
161
436
65
644
207
860
138
83
508
376
340
618
793
602
342
324
654
871
671
149
369
350
500
272
499
539
670
228
231
362
923
513
360
422
943
721
653
521
198
985
868
406
441
246
976
882
963
669
928
729
535
755
710
357
256
747
81
377
860
206
168
988
174
572
74
929
423
480
111
187
112
554
964
870
838
846
927
369
10
162
600
135
884
990
608
212
99
595
521
573
316
637
666
384
797
709
61
563
413
615
966
248
754
219
74
254
142
703
842
547
70
249
482
413
432
857
59
576
993
261
601
297
521
879
49
849
916
961
651
614
829
617
168
636
840
39
481
976
236
643
627
12
20
275
394
174
713
962
1
788
134
901
332
106
727
822
2
620
990
132
594
151
139
642
288
761
952
875
748
921
495
943
280
649
760
134
596
616
826
452
320
732
269
894
925
516
546
304
280
348
184
624
116
274
140
749
331
525
372
362
721
757
376
343
637
389
565
798
876
893
983
715
36
516
395
556
50
3
374
960
304
429
630
620
615
770
547
808
812
291
792
41
906
831
660
255
253
396
64
182
710
346
205
299
960
425
635
212
269
67
360
466
565
371
339
842
861
69
652
126
696
343
74
771
12
749
488
788
28
243
365
35
557
451
846
767
728
38
978
690
715
367
314
929
492
715
996
615
75
885
315
395
786
942
868
5
92
985
902
552
367
620
623
857
527
211
464
781
352
455
364
657
928
220
354
795
608
456
468
566
925
983
612
771
734
467
114
106
132
720
148
640
545
286
707
602
454
743
341
576
262
801
461
845
240
390
243
827
149
854
313
971
335
870
115
154
561
90
826
823
201
822
765
848
94
834
356
661
72
299
691
260
875
478
904
651
439
608
521
733
144
450
757
691
924
608
645
548
30
71
910
695
983
990
550
85
803
766
624
20
295
259
350
157
653
357
930
791
145
800
761
629
76
814
804
394
610
663
76
253
130
639
338
23
329
702
441
713
492
732
921
651
768
195
976
967
623
759
894
220
186
552
941
143
533
568
931
835
484
8
846
505
984
845
75
939
557
368
443
210
643
19
107
31
359
382
382
326
862
330
577
703
854
773
435
359
272
20
606
667
853
431
750
4
996
541
389
54
182
240
825
162
54
964
259
396
376
89
605
887
325
353
391
867
512
3
349
401
672
476
49
189
507
383
384
354
427
612
996
732
679
940
830
231
561
157
53
669
215
368
527
92
873
0
723
741
30
501
1
393
370
534
703
558
840
694
697
279
424
285
883
994
278
319
598
691
911
625
773
70
600
511
994
418
644
35
706
776
562
105
394
635
409
573
413
121
25
110
659
104
152
628
951
228
957
244
21
108
180
204
414
452
791
826
545
125
37
95
64
761
161
97
660
691
90
750
958
395
114
764
276
359
302
829
996
293
297
888
919
884
37
147
749
483
791
316
881
249
214
311
216
164
383
905
324
989
928
436
591
152
295
875
134
305
942
381
621
82
238
470
209
481
269
257
205
278
174
626
988
683
683
439
927
772
129
167
932
981
551
451
580
627
196
449
111
930
453
975
903
710
520
508
925
326
497
914
763
994
790
648
959
29
408
812
617
301
777
446
234
335
636
95
809
784
525
544
322
215
686
599
925
38
443
868
353
278
332
738
187
330
268
450
935
844
578
33
105
412
795
953
297
519
498
29
33
220
814
965
60
410
30
530
716
357
475
35
600
495
370
678
936
827
45
699
199
117
909
130
964
45
517
293
117
418
134
952
489
307
795
228
791
808
936
987
56
352
548
125
982
660
40
89
752
16
67
168
531
962
11
172
470
995
514
78
466
42
83
20
564
920
935
408
89
710
353
38
389
282
18
518
151
985
817
999
748
998
683
789
471
784
650
801
402
34
198
807
932
36
221
469
415
391
256
159
972
526
83
407
902
552
128
833
143
505
818
901
427
592
129
678
191
724
190
943
741
47
484
213
496
109
377
384
350
301
8
251
478
142
125
883
767
685
156
172
651
34
590
838
119
267
513
63
928
440
154
258
971
990
866
797
944
663
338
616
156
